Shell_T = 3.011945
Beam_H = 10.040890
Axial_Beam_C1 = 3.022771
Circle_Beam_C2 = 3.023261
Hole_Frame_C = 3.723725
Frame_C = 3.109640
Ellipse_A = 198.077018
Ellipse_B = 219.993491
