mass = 0.0824653000000000
MAX_S_MAX = 0.0000000000000000
MAX_VON_MISES = 311.2393798828125000
TSAI_WU = -100.0000000000000000
N_CTETRA = 29551.0000000000000000
N_CTRIA3 = 216408.0000000000000000
DISP = -0.5866097000000000
Total cost = 231.4890000820159912
