Shell_T = 3.033568
Beam_H = 10.318762
Axial_Beam_C1 = 3.122807
Circle_Beam_C2 = 3.177345
Hole_Frame_C = 3.129421
Frame_C = 3.347698
Ellipse_A = 185.204975
Ellipse_B = 214.553936
