mass = 0.0839953000000000
MAX_S_MAX = 0.0000000000000000
MAX_VON_MISES = 287.1824340820312500
TSAI_WU = -100.0000000000000000
N_CTETRA = 29309.0000000000000000
N_CTRIA3 = 217518.0000000000000000
DISP = -0.5666983000000000
Total cost = 225.9960000514984131
