mass = 0.2101840000000000
MAX_S_MAX = 0.0000000000000000
MAX_VON_MISES = 71.5722503662109375
TSAI_WU = -100.0000000000000000
N_CTETRA = 26081.0000000000000000
N_CTRIA3 = 194106.0000000000000000
DISP = -0.1035655000000000
Total cost = 172.8949999809265137
