Shell_T = 3.000000
Beam_H = 10.000000
Axial_Beam_C1 = 3.000000
Circle_Beam_C2 = 3.000000
Hole_Frame_C = 3.316250
Frame_C = 3.000000
Ellipse_A = 150.356557
Ellipse_B = 220.000000
