mass = 0.0840525000000000
MAX_S_MAX = 0.0000000000000000
MAX_VON_MISES = 228.8335418701171875
TSAI_WU = -100.0000000000000000
N_CTETRA = 28688.0000000000000000
N_CTRIA3 = 218930.0000000000000000
DISP = -0.4923974000000000
Total cost = 160.4319999217987061
