Shell_T = 3.000000
Beam_H = 10.000855
Axial_Beam_C1 = 3.004588
Circle_Beam_C2 = 3.008508
Hole_Frame_C = 3.036312
Frame_C = 6.529151
Ellipse_A = 185.864642
Ellipse_B = 183.388894
