mass = 0.0850626000000000
MAX_S_MAX = 0.0000000000000000
MAX_VON_MISES = 295.8961181640625000
TSAI_WU = -100.0000000000000000
N_CTETRA = 29206.0000000000000000
N_CTRIA3 = 218870.0000000000000000
DISP = -0.5407569000000000
Total cost = 245.3930001258850098
