Shell_T = 3.039967
Beam_H = 10.182806
Axial_Beam_C1 = 3.239002
Circle_Beam_C2 = 3.059900
Hole_Frame_C = 3.318602
Frame_C = 3.179135
Ellipse_A = 195.120377
Ellipse_B = 220.000000
