mass = 0.0834198000000000
MAX_S_MAX = 0.0000000000000000
MAX_VON_MISES = 297.1414184570312500
TSAI_WU = -100.0000000000000000
N_CTETRA = 29076.0000000000000000
N_CTRIA3 = 215586.0000000000000000
DISP = -0.5810443000000000
Total cost = 155.8059999942779541
